1 2 H747C 242 9 10
2 1 H747C 242 13 14
1 2 HC747 220 8 10
2 1 HC747 220 14 16
2 3 C747S 305 7 8
3 2 C747S 305 14 15
3 4 S747D 397 6 8
4 3 S747D 397 10 11
3 4 SD747 360 7 10
4 3 SD747 360 14 17
3 5 S747T 704 9 11
5 3 S747T 704 13 15
3 5 ST747 680 8 11
5 3 ST747 680 14 18
5 6 747TX 674 8 10
6 5 747TX 674 11 13
5 10 747TB 137 9 10
10 5 747TB 137 11 12
6 7 747XS 651 7 10
7 6 747XS 651 13 16
6 7 XS747 621 6 10
7 6 XS747 621 13 17
6 11 747XZ 349 4 6
11 6 747XZ 349 10 12
6 11 XZ747 301 5 9
11 6 XZ747 301 13 17
7 9 747SN 825 7 9
9 7 747SN 825 13 15
10 11 747BZ 695 6 9
11 10 747BZ 695 13 16
10 16 747BH 668 8 11
16 10 747BH 668 13 16
9 8 747NF 622 5 8
8 9 747NF 622 15 18
9 8 NF747 591 6 11
8 9 NF747 590 12 17
9 13 747NZ 367 8 9
13 9 747NZ 367 16 17
9 13 NZ747 321 5 8
13 9 NZ747 321 12 15
11 12 747ZW 534 6 8
12 11 747ZW 534 14 16
11 12 ZW747 480 5 9
12 11 ZW747 480 13 16
11 17 747ZA 511 8 10
17 11 747ZA 511 15 17
11 17 ZA747 489 13 17
17 11 ZA747 489 8 12
16 21 747HL 1145 6 10
21 16 747HL 1145 13 17
16 21 HL747 990 5 11
21 16 HL747 990 13 18
13 12 747UW 409 10 11
12 13 747UW 409 16 18
13 19 747ZG 902 8 11
19 13 747ZG 902 13 17
13 18 747ZL 672 9 10
18 13 747ZL 672 14 15
13 14 747UG 675 8 10
14 13 747UG 675 12 14
17 21 747AL 676 13 15
21 17 747AL 676 8 10
17 22 747AC 842 7 10
22 17 747AC 842 14 17
18 19 747LG 607 8 10
19 18 747LG 607 14 16
18 19 LG747 560 7 11
19 18 LG747 560 13 17
18 20 747LN 255 8 9
20 18 747LN 255 13 14
22 23 747CG 1100 5 9
23 22 747CG 1100 13 17
22 23 CG747 980 5 11
23 22 CG747 980 13 17
22 19 747DG 967 8 11
19 22 747DG 967 13 16
22 19 DG747 920 8 10
19 22 DG747 920 15 16
21 25 LW747 1892 4 11
25 21 LW747 1892 13 20
21 25 747LW 1409 3 12
25 21 747LW 1409 13 21
21 24 747LX 216 9 10
24 21 747LX 216 12 13
21 24 LX747 189 7 10
24 21 LX747 189 13 16
19 23 747GK 639 8 10
23 19 747GK 639 13 16