1 2 TTLL 110 8 10
2 3 TTLL 122 11 12
3 4 TTLL 198 13 14
4 3 TTLL 198 15 17
3 2 TTLL 152 18 19
2 1 TTLL 121 22 23
1 2 TSSL 122 6 7
2 3 TSSL 153 8 9
3 5 TSSL 352 11 12
5 6 TSSL 337 14 15
6 7 TSSL 325 17 18
7 9 TSSL 412 20 21
9 13 TSSL 183 22 23
13 18 TSSL 336 0 4
18 20 TSSL 127 5 6
20 18 TSSL 127 8 9
18 13 TSSL 336 10 11
13 9 TSSL 183 12 13
9 7 TSSL 412 16 17
7 6 TSSL 325 19 20
6 5 TSSL 337 22 23
5 3 TSSL 352 2 5
3 2 TSSL 153 6 7
2 1 TSSL 122 8 9
8 9 TAAL 311 16 18
9 8 TAAL 311 8 10
15 14 TTZZ 70 6 8
14 13 TTZZ 337 9 11
13 14 TTZZ 337 14 17
14 15 TTZZ 70 18 19
15 14 TTCC 70 15 16
14 13 TTCC 310 17 21
10 11 AACT 347 6 8
11 12 AACT 217 9 11
12 13 AACT 204 12 14
13 12 AACT 204 15 17
12 11 AACT 217 18 20
11 10 AACT 347 21 22
16 21 HHKK 572 5 10
21 16 HHKK 572 14 19
17 22 AAKK 421 6 10
22 23 AAKK 550 11 16
23 22 AAKK 550 17 22
22 17 AAKK 421 1 5
6 11 ZZXX 174 4 5
11 17 ZZXX 255 6 8
17 21 ZZXX 338 9 12
21 24 ZZXX 108 13 14
24 21 ZZXX 108 15 16
21 17 ZZXX 338 17 20
17 11 ZZXX 255 21 22
11 6 ZZXX 174 23 1
5 10 TTHH 67 9 10
10 16 TTHH 334 11 14
16 10 TTHH 334 15 18
10 5 TTHH 67 19 20
13 19 ZZKK 451 6 10
19 23 ZZKK 319 11 13
23 19 ZZKK 319 14 16
19 13 ZZKK 451 17 21
18 19 LLCC 303 5 8
19 22 LLCC 483 9 13
22 19 LLCC 483 14 17
19 18 LLCC 303 18 21
25 21 WULA 946 5 14
21 25 WULA 946 13 21